
DEBUG:root:====================================================================
| Stream Num |        Src IP | Src Port |        Dst IP | Dst Port |
====================================================================
|          0 | 10.102.44.154 |    18740 | 10.102.44.206 |       80 |
====================================================================
DEBUG:root:-t fr -s 0
DEBUG:root:
Enter the Test IP 

DEBUG:root:10.102.44.206
DEBUG:root:=============================================================================================================
| FR Num |     FR Time | Frame No |   3ack_time | FLAGS | Dup_Seq | Dup_Ack | Seq     | Ack | Freq | Result |
=============================================================================================================
|      1 | 0.003903223 |       10 | 0.003452468 | 0x10  | 173     | 4381    | 4381    | 173 | 3    | Passed |
|      2 | 0.033811838 |       25 |  0.03260615 | 0x18  | 173     | 14601   | 14601   | 173 | 4    | Passed |
|      3 | 0.238857324 |       45 | 0.238417301 | 0x10  | 173     | 27741   | 27741   | 173 | 3    | Passed |
|      4 | 0.244008114 |       63 | 0.243576524 | 0x10  | 173     | 39421   | 39421   | 173 | 3    | Passed |
|      5 | 0.249152850 |       81 | 0.248720249 | 0x10  | 173     | 51101   | 51101   | 173 | 3    | Passed |
|      6 | 0.254246269 |       99 | 0.253788384 | 0x10  | 173     | 62781   | 62781   | 173 | 3    | Passed |
|      7 | 0.259380481 |      117 | 0.258926607 | 0x10  | 173     | 74461   | 74461   | 173 | 3    | Passed |
|      8 | 0.264503874 |      135 | 0.264058277 | 0x10  | 173     | 86141   | 86141   | 173 | 3    | Passed |
|      9 | 0.269711654 |      153 | 0.269282976 | 0x10  | 173     | 97821   | 97821   | 173 | 3    | Passed |
|     10 | 0.274853995 |      171 | 0.274420076 | 0x10  | 173     | 109501  | 109501  | 173 | 3    | Passed |
|     11 | 0.280061929 |      189 | 0.279627282 | 0x10  | 173     | 121181  | 121181  | 173 | 3    | Passed |
|     12 | 0.285239011 |      207 | 0.284789368 | 0x10  | 173     | 132861  | 132861  | 173 | 3    | Passed |
|     13 | 0.290433167 |      225 | 0.289998081 | 0x10  | 173     | 144541  | 144541  | 173 | 3    | Passed |
|     14 | 0.295802447 |      243 |  0.29521726 | 0x10  | 173     | 156221  | 156221  | 173 | 3    | Passed |
|     15 | 0.300915843 |      261 | 0.300467771 | 0x10  | 173     | 167901  | 167901  | 173 | 3    | Passed |
|     16 | 0.306132970 |      279 | 0.305649408 | 0x10  | 173     | 179581  | 179581  | 173 | 3    | Passed |
|     17 | 0.311303389 |      297 |  0.31085822 | 0x10  | 173     | 191261  | 191261  | 173 | 3    | Passed |
|     18 | 0.316497422 |      315 | 0.316054521 | 0x10  | 173     | 202941  | 202941  | 173 | 3    | Passed |
|     19 | 0.321637988 |      333 | 0.321184155 | 0x10  | 173     | 214621  | 214621  | 173 | 3    | Passed |
|     20 | 0.327334448 |      351 | 0.326865938 | 0x10  | 173     | 226301  | 226301  | 173 | 3    | Passed |
|     21 | 0.332438080 |      369 | 0.331998897 | 0x10  | 173     | 237981  | 237981  | 173 | 3    | Passed |
|     22 | 0.337630248 |      387 | 0.337190219 | 0x10  | 173     | 249661  | 249661  | 173 | 3    | Passed |
|     23 | 0.342753420 |      405 | 0.342304647 | 0x10  | 173     | 261341  | 261341  | 173 | 3    | Passed |
|     24 | 0.348046446 |      423 | 0.347605585 | 0x10  | 173     | 273021  | 273021  | 173 | 3    | Passed |
|     25 | 0.354802307 |      441 | 0.354274476 | 0x10  | 173     | 284701  | 284701  | 173 | 3    | Passed |
|     26 | 0.359933622 |      459 | 0.359492854 | 0x10  | 173     | 296381  | 296381  | 173 | 3    | Passed |
|     27 | 0.365147852 |      477 | 0.364679045 | 0x10  | 173     | 308061  | 308061  | 173 | 3    | Passed |
|     28 | 0.370416208 |      495 | 0.369966716 | 0x10  | 173     | 319741  | 319741  | 173 | 3    | Passed |
|     29 | 0.375647588 |      513 | 0.375180296 | 0x10  | 173     | 331421  | 331421  | 173 | 3    | Passed |
|     30 | 0.381630331 |      531 | 0.381197496 | 0x10  | 173     | 343101  | 343101  | 173 | 3    | Passed |
|     31 | 0.386790324 |      549 | 0.386354197 | 0x10  | 173     | 354781  | 354781  | 173 | 3    | Passed |
|     32 | 0.391932876 |      567 | 0.391486575 | 0x10  | 173     | 366461  | 366461  | 173 | 3    | Passed |
|     33 | 0.397076799 |      585 | 0.396659016 | 0x10  | 173     | 378141  | 378141  | 173 | 3    | Passed |
|     34 | 0.402265471 |      603 | 0.401819703 | 0x10  | 173     | 389821  | 389821  | 173 | 3    | Passed |
|     35 | 0.407507527 |      621 | 0.407062947 | 0x10  | 173     | 401501  | 401501  | 173 | 3    | Passed |
|     36 | 0.412662050 |      639 | 0.412203624 | 0x10  | 173     | 413181  | 413181  | 173 | 3    | Passed |
|     37 | 0.418093139 |      657 | 0.417659259 | 0x10  | 173     | 424861  | 424861  | 173 | 3    | Passed |
|     38 | 0.423234791 |      675 | 0.422806885 | 0x10  | 173     | 436541  | 436541  | 173 | 3    | Passed |
|     39 | 0.428482526 |      693 | 0.428044161 | 0x10  | 173     | 448221  | 448221  | 173 | 3    | Passed |
|     40 | 0.433605079 |      711 | 0.433163877 | 0x10  | 173     | 459901  | 459901  | 173 | 3    | Passed |
|     41 | 0.438812838 |      729 | 0.438379771 | 0x10  | 173     | 471581  | 471581  | 173 | 3    | Passed |
|     42 | 0.443954806 |      747 | 0.443531223 | 0x10  | 173     | 483261  | 483261  | 173 | 3    | Passed |
|     43 | 0.449206827 |      765 | 0.448750735 | 0x10  | 173     | 494941  | 494941  | 173 | 3    | Passed |
|     44 | 0.454347830 |      783 | 0.453912741 | 0x10  | 173     | 506621  | 506621  | 173 | 3    | Passed |
|     45 | 0.459482590 |      801 | 0.459034163 | 0x10  | 173     | 518301  | 518301  | 173 | 3    | Passed |
|     46 | 0.465138758 |      819 | 0.464702722 | 0x10  | 173     | 529981  | 529981  | 173 | 3    | Passed |
|     47 | 0.470317035 |      837 | 0.469881257 | 0x10  | 173     | 541661  | 541661  | 173 | 3    | Passed |
|     48 | 0.475466778 |      855 |   0.4750261 | 0x10  | 173     | 553341  | 553341  | 173 | 3    | Passed |
|     49 | 0.480682675 |      873 |  0.48023944 | 0x10  | 173     | 565021  | 565021  | 173 | 3    | Passed |
|     50 | 0.485898839 |      891 | 0.485460591 | 0x10  | 173     | 576701  | 576701  | 173 | 3    | Passed |
|     51 | 0.491038244 |      909 | 0.490592455 | 0x10  | 173     | 588381  | 588381  | 173 | 3    | Passed |
|     52 | 0.496329522 |      927 | 0.495890986 | 0x10  | 173     | 600061  | 600061  | 173 | 3    | Passed |
|     53 | 0.501570145 |      945 | 0.501132154 | 0x10  | 173     | 611741  | 611741  | 173 | 3    | Passed |
|     54 | 0.506964206 |      963 | 0.506537273 | 0x10  | 173     | 623421  | 623421  | 173 | 3    | Passed |
|     55 | 0.512156534 |      981 | 0.511725452 | 0x10  | 173     | 635101  | 635101  | 173 | 3    | Passed |
|     56 | 0.517299552 |      999 | 0.516867038 | 0x10  | 173     | 646781  | 646781  | 173 | 3    | Passed |
|     57 | 0.522439756 |     1017 | 0.522018809 | 0x10  | 173     | 658461  | 658461  | 173 | 3    | Passed |
|     58 | 0.527582735 |     1035 |  0.52715476 | 0x10  | 173     | 670141  | 670141  | 173 | 3    | Passed |
|     59 | 0.532774298 |     1053 | 0.532321792 | 0x10  | 173     | 681821  | 681821  | 173 | 3    | Passed |
|     60 | 0.537969038 |     1071 | 0.537536515 | 0x10  | 173     | 693501  | 693501  | 173 | 3    | Passed |
|     61 | 0.543113695 |     1089 | 0.542694541 | 0x10  | 173     | 705181  | 705181  | 173 | 3    | Passed |
|     62 | 0.548301775 |     1107 | 0.547871671 | 0x10  | 173     | 716861  | 716861  | 173 | 3    | Passed |
|     63 | 0.554245822 |     1125 | 0.553819385 | 0x10  | 173     | 728541  | 728541  | 173 | 3    | Passed |
|     64 | 0.559439416 |     1143 | 0.559002438 | 0x10  | 173     | 740221  | 740221  | 173 | 3    | Passed |
|     65 | 0.564679655 |     1161 | 0.564227031 | 0x10  | 173     | 751901  | 751901  | 173 | 3    | Passed |
|     66 | 0.569880667 |     1179 | 0.569429027 | 0x10  | 173     | 763581  | 763581  | 173 | 3    | Passed |
|     67 | 0.575193694 |     1197 | 0.574731333 | 0x10  | 173     | 775261  | 775261  | 173 | 3    | Passed |
|     68 | 0.580358626 |     1215 | 0.579916119 | 0x10  | 173     | 786941  | 786941  | 173 | 3    | Passed |
|     69 | 0.586348770 |     1233 | 0.585921289 | 0x10  | 173     | 798621  | 798621  | 173 | 3    | Passed |
|     70 | 0.591537463 |     1251 | 0.591092466 | 0x10  | 173     | 810301  | 810301  | 173 | 3    | Passed |
|     71 | 0.596724833 |     1269 | 0.596304241 | 0x10  | 173     | 821981  | 821981  | 173 | 3    | Passed |
|     72 | 0.601974105 |     1287 | 0.601541531 | 0x10  | 173     | 833661  | 833661  | 173 | 3    | Passed |
|     73 | 0.607165326 |     1305 | 0.606718496 | 0x10  | 173     | 845341  | 845341  | 173 | 3    | Passed |
|     74 | 0.612307679 |     1323 |  0.61188582 | 0x10  | 173     | 857021  | 857021  | 173 | 3    | Passed |
|     75 | 0.617502735 |     1341 | 0.617067408 | 0x10  | 173     | 868701  | 868701  | 173 | 3    | Passed |
|     76 | 0.622794136 |     1359 | 0.622369007 | 0x10  | 173     | 880381  | 880381  | 173 | 3    | Passed |
|     77 | 0.627945384 |     1377 |  0.62749921 | 0x10  | 173     | 892061  | 892061  | 173 | 3    | Passed |
|     78 | 0.633079663 |     1395 | 0.632643822 | 0x10  | 173     | 903741  | 903741  | 173 | 3    | Passed |
|     79 | 0.638272655 |     1413 | 0.637838598 | 0x10  | 173     | 915421  | 915421  | 173 | 3    | Passed |
|     80 | 0.643419601 |     1431 | 0.642972284 | 0x10  | 173     | 927101  | 927101  | 173 | 3    | Passed |
|     81 | 0.648565660 |     1449 | 0.648116039 | 0x10  | 173     | 938781  | 938781  | 173 | 3    | Passed |
|     82 | 0.653701037 |     1467 | 0.653277951 | 0x10  | 173     | 950461  | 950461  | 173 | 3    | Passed |
|     83 | 0.658940749 |     1485 | 0.658514161 | 0x10  | 173     | 962141  | 962141  | 173 | 3    | Passed |
|     84 | 0.664187654 |     1503 | 0.663749012 | 0x10  | 173     | 973821  | 973821  | 173 | 3    | Passed |
|     85 | 0.669325666 |     1521 | 0.668877314 | 0x10  | 173     | 985501  | 985501  | 173 | 3    | Passed |
|     86 | 0.674520517 |     1539 | 0.674084318 | 0x10  | 173     | 997181  | 997181  | 173 | 3    | Passed |
|     87 | 0.680174667 |     1557 | 0.679734555 | 0x10  | 173     | 1008861 | 1008861 | 173 | 3    | Passed |
|     88 | 0.685400090 |     1575 | 0.684975683 | 0x10  | 173     | 1020541 | 1020541 | 173 | 3    | Passed |
|     89 | 0.690542777 |     1593 | 0.690089254 | 0x10  | 173     | 1032221 | 1032221 | 173 | 3    | Passed |
|     90 | 0.695767509 |     1611 | 0.695315008 | 0x10  | 173     | 1043901 | 1043901 | 173 | 3    | Passed |
|     91 | 0.700976865 |     1629 |   0.7005242 | 0x10  | 173     | 1055581 | 1055581 | 173 | 3    | Passed |
|     92 | 0.706119050 |     1647 | 0.705694814 | 0x10  | 173     | 1067261 | 1067261 | 173 | 3    | Passed |
|     93 | 0.711314695 |     1665 | 0.710881646 | 0x10  | 173     | 1078941 | 1078941 | 173 | 3    | Passed |
|     94 | 0.716405717 |     1683 | 0.715969617 | 0x10  | 173     | 1090621 | 1090621 | 173 | 3    | Passed |
|     95 | 0.721680904 |     1701 | 0.721240924 | 0x10  | 173     | 1102301 | 1102301 | 173 | 3    | Passed |
|     96 | 0.726839738 |     1719 | 0.726382088 | 0x10  | 173     | 1113981 | 1113981 | 173 | 3    | Passed |
|     97 | 0.732032367 |     1737 |  0.73160262 | 0x10  | 173     | 1125661 | 1125661 | 173 | 3    | Passed |
|     98 | 0.737235662 |     1755 |  0.73676609 | 0x10  | 173     | 1137341 | 1137341 | 173 | 3    | Passed |
|     99 | 0.742364869 |     1773 | 0.741921071 | 0x10  | 173     | 1149021 | 1149021 | 173 | 3    | Passed |
|    100 | 0.747709172 |     1791 |  0.74728598 | 0x10  | 173     | 1160701 | 1160701 | 173 | 3    | Passed |
|    101 | 0.753635001 |     1809 | 0.752481851 | 0x10  | 173     | 1172381 | 1172381 | 173 | 3    | Passed |
|    102 | 0.758774346 |     1827 |  0.75832107 | 0x10  | 173     | 1184061 | 1184061 | 173 | 3    | Passed |
|    103 | 0.763934658 |     1845 |  0.76351214 | 0x10  | 173     | 1195741 | 1195741 | 173 | 3    | Passed |
|    104 | 0.769191760 |     1863 | 0.768735842 | 0x10  | 173     | 1207421 | 1207421 | 173 | 3    | Passed |
|    105 | 0.774368586 |     1881 | 0.773947386 | 0x10  | 173     | 1219101 | 1219101 | 173 | 3    | Passed |
|    106 | 0.779461229 |     1899 | 0.779029552 | 0x10  | 173     | 1230781 | 1230781 | 173 | 3    | Passed |
|    107 | 0.785167775 |     1917 | 0.784720175 | 0x10  | 173     | 1242461 | 1242461 | 173 | 3    | Passed |
|    108 | 0.790296685 |     1935 | 0.789871631 | 0x10  | 173     | 1254141 | 1254141 | 173 | 3    | Passed |
|    109 | 0.795538509 |     1953 | 0.795118927 | 0x10  | 173     | 1265821 | 1265821 | 173 | 3    | Passed |
|    110 | 0.800613421 |     1971 | 0.800176308 | 0x10  | 173     | 1277501 | 1277501 | 173 | 3    | Passed |
|    111 | 0.805784640 |     1989 | 0.805349356 | 0x10  | 173     | 1289181 | 1289181 | 173 | 3    | Passed |
|    112 | 0.810914693 |     2007 | 0.810494771 | 0x10  | 173     | 1300861 | 1300861 | 173 | 3    | Passed |
|    113 | 0.816165222 |     2025 | 0.815680393 | 0x10  | 173     | 1312541 | 1312541 | 173 | 3    | Passed |
|    114 | 0.821301631 |     2043 | 0.820882296 | 0x10  | 173     | 1324221 | 1324221 | 173 | 3    | Passed |
|    115 | 0.826495778 |     2061 | 0.826070463 | 0x10  | 173     | 1335901 | 1335901 | 173 | 3    | Passed |
|    116 | 0.831587272 |     2079 |   0.8311462 | 0x10  | 173     | 1347581 | 1347581 | 173 | 3    | Passed |
|    117 | 0.836729363 |     2097 |  0.83631291 | 0x10  | 173     | 1359261 | 1359261 | 173 | 3    | Passed |
|    118 | 0.841818802 |     2115 |  0.84138501 | 0x10  | 173     | 1370941 | 1370941 | 173 | 3    | Passed |
|    119 | 0.846813933 |     2133 | 0.846384878 | 0x10  | 173     | 1382621 | 1382621 | 173 | 3    | Passed |
|    120 | 0.851756393 |     2151 | 0.851318873 | 0x10  | 173     | 1394301 | 1394301 | 173 | 3    | Passed |
|    121 | 0.856803402 |     2169 | 0.856375361 | 0x10  | 173     | 1405981 | 1405981 | 173 | 3    | Passed |
|    122 | 0.861891599 |     2187 | 0.861471815 | 0x10  | 173     | 1417661 | 1417661 | 173 | 3    | Passed |
|    123 | 0.866984603 |     2205 | 0.866532746 | 0x10  | 173     | 1429341 | 1429341 | 173 | 3    | Passed |
|    124 | 0.872027322 |     2223 | 0.871594986 | 0x10  | 173     | 1441021 | 1441021 | 173 | 3    | Passed |
|    125 | 0.877180558 |     2241 | 0.876726527 | 0x10  | 173     | 1452701 | 1452701 | 173 | 3    | Passed |
|    126 | 0.882461022 |     2259 | 0.881998827 | 0x10  | 173     | 1464381 | 1464381 | 173 | 3    | Passed |
|    127 | 0.887585885 |     2277 | 0.887140063 | 0x10  | 173     | 1476061 | 1476061 | 173 | 3    | Passed |
|    128 | 0.892548154 |     2295 | 0.892119148 | 0x10  | 173     | 1487741 | 1487741 | 173 | 3    | Passed |
|    129 | 0.897639260 |     2313 | 0.897190553 | 0x10  | 173     | 1499421 | 1499421 | 173 | 3    | Passed |
|    130 | 0.902581528 |     2331 | 0.902142904 | 0x10  | 173     | 1511101 | 1511101 | 173 | 3    | Passed |
|    131 | 0.907571923 |     2349 | 0.907158177 | 0x10  | 173     | 1522781 | 1522781 | 173 | 3    | Passed |
|    132 | 0.912665246 |     2367 | 0.912248997 | 0x10  | 173     | 1534461 | 1534461 | 173 | 3    | Passed |
|    133 | 0.917790067 |     2385 | 0.917347942 | 0x10  | 173     | 1546141 | 1546141 | 173 | 3    | Passed |
|    134 | 0.922695325 |     2403 | 0.922284046 | 0x10  | 173     | 1557821 | 1557821 | 173 | 3    | Passed |
|    135 | 0.927842660 |     2421 | 0.927428156 | 0x10  | 173     | 1569501 | 1569501 | 173 | 3    | Passed |
|    136 | 0.932868780 |     2439 | 0.932442165 | 0x10  | 173     | 1581181 | 1581181 | 173 | 3    | Passed |
|    137 | 0.937976855 |     2457 | 0.937516019 | 0x10  | 173     | 1592861 | 1592861 | 173 | 3    | Passed |
|    138 | 0.942923539 |     2475 | 0.942501183 | 0x10  | 173     | 1604541 | 1604541 | 173 | 3    | Passed |
|    139 | 0.948113598 |     2493 | 0.947674523 | 0x10  | 173     | 1616221 | 1616221 | 173 | 3    | Passed |
|    140 | 0.953729448 |     2511 | 0.952579811 | 0x10  | 173     | 1627901 | 1627901 | 173 | 3    | Passed |
|    141 | 0.958848593 |     2529 | 0.958383618 | 0x10  | 173     | 1639581 | 1639581 | 173 | 3    | Passed |
|    142 | 0.963889980 |     2547 | 0.963449359 | 0x10  | 173     | 1651261 | 1651261 | 173 | 3    | Passed |
|    143 | 0.969084497 |     2565 | 0.968636142 | 0x10  | 173     | 1662941 | 1662941 | 173 | 3    | Passed |
|    144 | 0.974176803 |     2583 | 0.973754441 | 0x10  | 173     | 1674621 | 1674621 | 173 | 3    | Passed |
|    145 | 0.979349505 |     2601 | 0.978905765 | 0x10  | 173     | 1686301 | 1686301 | 173 | 3    | Passed |
|    146 | 0.984960034 |     2619 | 0.984533572 | 0x10  | 173     | 1697981 | 1697981 | 173 | 3    | Passed |
|    147 | 0.989952011 |     2637 | 0.989538208 | 0x10  | 173     | 1709661 | 1709661 | 173 | 3    | Passed |
|    148 | 0.995047262 |     2655 | 0.994599822 | 0x10  | 173     | 1721341 | 1721341 | 173 | 3    | Passed |
|    149 | 1.000036172 |     2673 | 0.999622113 | 0x10  | 173     | 1733021 | 1733021 | 173 | 3    | Passed |
|    150 | 1.005080624 |     2691 | 1.004633313 | 0x10  | 173     | 1744701 | 1744701 | 173 | 3    | Passed |
|    151 | 1.010220753 |     2709 | 1.009760303 | 0x10  | 173     | 1756381 | 1756381 | 173 | 3    | Passed |
|    152 | 1.015268247 |     2727 | 1.014850004 | 0x10  | 173     | 1768061 | 1768061 | 173 | 3    | Passed |
|    153 | 1.020308551 |     2745 | 1.019889357 | 0x10  | 173     | 1779741 | 1779741 | 173 | 3    | Passed |
|    154 | 1.025505381 |     2763 | 1.025066992 | 0x10  | 173     | 1791421 | 1791421 | 173 | 3    | Passed |
|    155 | 1.030446142 |     2781 | 1.029997336 | 0x10  | 173     | 1803101 | 1803101 | 173 | 3    | Passed |
|    156 | 1.035486720 |     2799 | 1.035021546 | 0x10  | 173     | 1814781 | 1814781 | 173 | 3    | Passed |
|    157 | 1.040480592 |     2817 | 1.040047775 | 0x10  | 173     | 1826461 | 1826461 | 173 | 3    | Passed |
|    158 | 1.045622975 |     2835 | 1.045161866 | 0x10  | 173     | 1838141 | 1838141 | 173 | 3    | Passed |
|    159 | 1.050711377 |     2853 | 1.050291695 | 0x10  | 173     | 1849821 | 1849821 | 173 | 3    | Passed |
|    160 | 1.055877350 |     2871 | 1.055373049 | 0x10  | 173     | 1861501 | 1861501 | 173 | 3    | Passed |
|    161 | 1.060846871 |     2889 | 1.060414983 | 0x10  | 173     | 1873181 | 1873181 | 173 | 3    | Passed |
|    162 | 1.066039355 |     2907 | 1.065593599 | 0x10  | 173     | 1884861 | 1884861 | 173 | 3    | Passed |
|    163 | 1.071184515 |     2925 | 1.070746327 | 0x10  | 173     | 1896541 | 1896541 | 173 | 3    | Passed |
|    164 | 1.076426729 |     2943 | 1.075960822 | 0x10  | 173     | 1908221 | 1908221 | 173 | 3    | Passed |
|    165 | 1.081481352 |     2961 |  1.08105237 | 0x10  | 173     | 1919901 | 1919901 | 173 | 3    | Passed |
|    166 | 1.086572861 |     2979 | 1.086135471 | 0x10  | 173     | 1931581 | 1931581 | 173 | 3    | Passed |
|    167 | 1.091661837 |     2997 | 1.091237797 | 0x10  | 173     | 1943261 | 1943261 | 173 | 3    | Passed |
|    168 | 1.096790581 |     3015 | 1.096354406 | 0x10  | 173     | 1954941 | 1954941 | 173 | 3    | Passed |
|    169 | 1.101904308 |     3033 | 1.101430019 | 0x10  | 173     | 1966621 | 1966621 | 173 | 3    | Passed |
|    170 | 1.107029403 |     3051 | 1.106567343 | 0x10  | 173     | 1978301 | 1978301 | 173 | 3    | Passed |
|    171 | 1.112029340 |     3069 | 1.111602933 | 0x10  | 173     | 1989981 | 1989981 | 173 | 3    | Passed |
|    172 | 1.116978238 |     3087 | 1.116527031 | 0x10  | 173     | 2001661 | 2001661 | 173 | 3    | Passed |
|    173 | 1.122061128 |     3105 | 1.121641303 | 0x10  | 173     | 2013341 | 2013341 | 173 | 3    | Passed |
|    174 | 1.127200344 |     3123 | 1.126786667 | 0x10  | 173     | 2025021 | 2025021 | 173 | 3    | Passed |
|    175 | 1.132294024 |     3141 | 1.131877375 | 0x10  | 173     | 2036701 | 2036701 | 173 | 3    | Passed |
|    176 | 1.137436224 |     3159 | 1.137019388 | 0x10  | 173     | 2048381 | 2048381 | 173 | 3    | Passed |
|    177 | 1.142429389 |     3177 | 1.142011252 | 0x10  | 173     | 2060061 | 2060061 | 173 | 3    | Passed |
|    178 | 1.147620414 |     3195 | 1.147164819 | 0x10  | 173     | 2071741 | 2071741 | 173 | 3    | Passed |
|    179 | 1.153746263 |     3213 | 1.152406886 | 0x10  | 173     | 2083421 | 2083421 | 173 | 3    | Passed |
|    180 | 1.159154465 |     3231 | 1.158691337 | 0x10  | 173     | 2095101 | 2095101 | 173 | 3    | Passed |
|    181 | 1.164205923 |     3249 | 1.163734824 | 0x10  | 173     | 2106781 | 2106781 | 173 | 3    | Passed |
|    182 | 1.169408728 |     3267 |  1.16894147 | 0x10  | 173     | 2118461 | 2118461 | 173 | 3    | Passed |
|    183 | 1.174485452 |     3285 | 1.174023217 | 0x10  | 173     | 2130141 | 2130141 | 173 | 3    | Passed |
|    184 | 1.179780198 |     3303 |  1.17933271 | 0x10  | 173     | 2141821 | 2141821 | 173 | 3    | Passed |
|    185 | 1.185328686 |     3321 | 1.184852428 | 0x10  | 173     | 2153501 | 2153501 | 173 | 3    | Passed |
|    186 | 1.190440112 |     3339 | 1.189994501 | 0x10  | 173     | 2165181 | 2165181 | 173 | 3    | Passed |
|    187 | 1.195533703 |     3357 | 1.195086079 | 0x10  | 173     | 2176861 | 2176861 | 173 | 3    | Passed |
|    188 | 1.200791780 |     3375 | 1.200332427 | 0x10  | 173     | 2188541 | 2188541 | 173 | 3    | Passed |
|    189 | 1.205937099 |     3393 |  1.20547592 | 0x10  | 173     | 2200221 | 2200221 | 173 | 3    | Passed |
|    190 | 1.211176832 |     3411 | 1.210747157 | 0x10  | 173     | 2211901 | 2211901 | 173 | 3    | Passed |
|    191 | 1.419331762 |     3445 | 1.418861252 | 0x10  | 173     | 2233801 | 2233801 | 173 | 3    | Passed |
|    192 | 1.424463893 |     3463 | 1.424031824 | 0x10  | 173     | 2245481 | 2245481 | 173 | 3    | Passed |
|    193 | 1.429554454 |     3481 | 1.429098082 | 0x10  | 173     | 2257161 | 2257161 | 173 | 3    | Passed |
|    194 | 1.434649004 |     3499 | 1.434220055 | 0x10  | 173     | 2268841 | 2268841 | 173 | 3    | Passed |
|    195 | 1.439891529 |     3517 | 1.439461599 | 0x10  | 173     | 2280521 | 2280521 | 173 | 3    | Passed |
|    196 | 1.445104071 |     3535 | 1.444633636 | 0x10  | 173     | 2292201 | 2292201 | 173 | 3    | Passed |
|    197 | 1.450339677 |     3553 | 1.449902455 | 0x10  | 173     | 2303881 | 2303881 | 173 | 3    | Passed |
|    198 | 1.455466808 |     3571 | 1.455016143 | 0x10  | 173     | 2315561 | 2315561 | 173 | 3    | Passed |
|    199 | 1.460762978 |     3589 | 1.460199816 | 0x10  | 173     | 2327241 | 2327241 | 173 | 3    | Passed |
|    200 | 1.465967049 |     3607 |  1.46552043 | 0x10  | 173     | 2338921 | 2338921 | 173 | 3    | Passed |
|    201 | 1.471058317 |     3625 | 1.470590352 | 0x10  | 173     | 2350601 | 2350601 | 173 | 3    | Passed |
|    202 | 1.476196862 |     3643 | 1.475759941 | 0x10  | 173     | 2362281 | 2362281 | 173 | 3    | Passed |
|    203 | 1.481489081 |     3661 | 1.481033678 | 0x10  | 173     | 2373961 | 2373961 | 173 | 3    | Passed |
|    204 | 1.486670823 |     3679 | 1.486224189 | 0x10  | 173     | 2385641 | 2385641 | 173 | 3    | Passed |
|    205 | 1.491861511 |     3697 | 1.491430847 | 0x10  | 173     | 2397321 | 2397321 | 173 | 3    | Passed |
|    206 | 1.497010139 |     3715 | 1.496562208 | 0x10  | 173     | 2409001 | 2409001 | 173 | 3    | Passed |
|    207 | 1.502200601 |     3733 | 1.501745707 | 0x10  | 173     | 2420681 | 2420681 | 173 | 3    | Passed |
|    208 | 1.507461623 |     3751 | 1.507003041 | 0x10  | 173     | 2432361 | 2432361 | 173 | 3    | Passed |
|    209 | 1.512581893 |     3769 | 1.512157895 | 0x10  | 173     | 2444041 | 2444041 | 173 | 3    | Passed |
|    210 | 1.517825988 |     3787 | 1.517377001 | 0x10  | 173     | 2455721 | 2455721 | 173 | 3    | Passed |
|    211 | 1.522967351 |     3805 | 1.522540093 | 0x10  | 173     | 2467401 | 2467401 | 173 | 3    | Passed |
|    212 | 1.528108405 |     3823 | 1.527675683 | 0x10  | 173     | 2479081 | 2479081 | 173 | 3    | Passed |
|    213 | 1.533301941 |     3841 | 1.532859115 | 0x10  | 173     | 2490761 | 2490761 | 173 | 3    | Passed |
|    214 | 1.538443843 |     3859 |  1.53801024 | 0x10  | 173     | 2502441 | 2502441 | 173 | 3    | Passed |
|    215 | 1.543547059 |     3877 | 1.543086049 | 0x10  | 173     | 2514121 | 2514121 | 173 | 3    | Passed |
|    216 | 1.548694914 |     3895 | 1.548260875 | 0x10  | 173     | 2525801 | 2525801 | 173 | 3    | Passed |
|    217 | 1.554571888 |     3913 | 1.554127429 | 0x10  | 173     | 2537481 | 2537481 | 173 | 3    | Passed |
|    218 | 1.559796959 |     3931 | 1.559362983 | 0x10  | 173     | 2549161 | 2549161 | 173 | 3    | Passed |
|    219 | 1.564906310 |     3949 |  1.56449124 | 0x10  | 173     | 2560841 | 2560841 | 173 | 3    | Passed |
|    220 | 1.570149027 |     3967 | 1.569700536 | 0x10  | 173     | 2572521 | 2572521 | 173 | 3    | Passed |
|    221 | 1.575411691 |     3985 | 1.574946039 | 0x10  | 173     | 2584201 | 2584201 | 173 | 3    | Passed |
|    222 | 1.580583001 |     4003 | 1.580129682 | 0x10  | 173     | 2595881 | 2595881 | 173 | 3    | Passed |
|    223 | 1.586534234 |     4021 | 1.586066621 | 0x10  | 173     | 2607561 | 2607561 | 173 | 3    | Passed |
|    224 | 1.591719438 |     4039 |  1.59126735 | 0x10  | 173     | 2619241 | 2619241 | 173 | 3    | Passed |
|    225 | 1.597013890 |     4057 | 1.596560824 | 0x10  | 173     | 2630921 | 2630921 | 173 | 3    | Passed |
|    226 | 1.602201973 |     4075 | 1.601781251 | 0x10  | 173     | 2642601 | 2642601 | 173 | 3    | Passed |
|    227 | 1.607447737 |     4093 | 1.606987551 | 0x10  | 173     | 2654281 | 2654281 | 173 | 3    | Passed |
|    228 | 1.612636804 |     4111 |  1.61218683 | 0x10  | 173     | 2665961 | 2665961 | 173 | 3    | Passed |
|    229 | 1.617780005 |     4129 | 1.617332435 | 0x10  | 173     | 2677641 | 2677641 | 173 | 3    | Passed |
|    230 | 1.623020237 |     4147 |  1.62258951 | 0x10  | 173     | 2689321 | 2689321 | 173 | 3    | Passed |
|    231 | 1.628210796 |     4165 | 1.627765191 | 0x10  | 173     | 2701001 | 2701001 | 173 | 3    | Passed |
|    232 | 1.633426671 |     4183 | 1.632962512 | 0x10  | 173     | 2712681 | 2712681 | 173 | 3    | Passed |
|    233 | 1.638557990 |     4201 | 1.638104151 | 0x10  | 173     | 2724361 | 2724361 | 173 | 3    | Passed |
|    234 | 1.643788837 |     4219 |  1.64333884 | 0x10  | 173     | 2736041 | 2736041 | 173 | 3    | Passed |
|    235 | 1.648932724 |     4237 | 1.648509445 | 0x10  | 173     | 2747721 | 2747721 | 173 | 3    | Passed |
|    236 | 1.654123259 |     4255 |  1.65367287 | 0x10  | 173     | 2759401 | 2759401 | 173 | 3    | Passed |
|    237 | 1.659382807 |     4273 | 1.658922597 | 0x10  | 173     | 2771081 | 2771081 | 173 | 3    | Passed |
|    238 | 1.664509457 |     4291 | 1.664095115 | 0x10  | 173     | 2782761 | 2782761 | 173 | 3    | Passed |
|    239 | 1.669752171 |     4309 |  1.66930452 | 0x10  | 173     | 2794441 | 2794441 | 173 | 3    | Passed |
|    240 | 1.674842633 |     4327 | 1.674401164 | 0x10  | 173     | 2806121 | 2806121 | 173 | 3    | Passed |
|    241 | 1.679980149 |     4345 | 1.679547593 | 0x10  | 173     | 2817801 | 2817801 | 173 | 3    | Passed |
|    242 | 1.685179476 |     4363 | 1.684735826 | 0x10  | 173     | 2829481 | 2829481 | 173 | 3    | Passed |
|    243 | 1.690470700 |     4381 | 1.690013844 | 0x10  | 173     | 2841161 | 2841161 | 173 | 3    | Passed |
|    244 | 1.695619512 |     4399 | 1.695172429 | 0x10  | 173     | 2852841 | 2852841 | 173 | 3    | Passed |
|    245 | 1.700764139 |     4417 | 1.700306076 | 0x10  | 173     | 2864521 | 2864521 | 173 | 3    | Passed |
|    246 | 1.709844492 |     4435 | 1.709409054 | 0x10  | 173     | 2876201 | 2876201 | 173 | 3    | Passed |
|    247 | 1.715038056 |     4453 | 1.714595083 | 0x10  | 173     | 2887881 | 2887881 | 173 | 3    | Passed |
|    248 | 1.720310304 |     4471 | 1.719865592 | 0x10  | 173     | 2899561 | 2899561 | 173 | 3    | Passed |
|    249 | 1.725482697 |     4489 |  1.72504706 | 0x10  | 173     | 2911241 | 2911241 | 173 | 3    | Passed |
|    250 | 1.730607593 |     4507 | 1.730173109 | 0x10  | 173     | 2922921 | 2922921 | 173 | 3    | Passed |
|    251 | 1.735883337 |     4525 | 1.735399943 | 0x10  | 173     | 2934601 | 2934601 | 173 | 3    | Passed |
|    252 | 1.741047484 |     4543 | 1.740595387 | 0x10  | 173     | 2946281 | 2946281 | 173 | 3    | Passed |
|    253 | 1.746171674 |     4561 | 1.745743166 | 0x10  | 173     | 2957961 | 2957961 | 173 | 3    | Passed |
|    254 | 1.751290370 |     4579 | 1.750844999 | 0x10  | 173     | 2969641 | 2969641 | 173 | 3    | Passed |
|    255 | 1.757082571 |     4597 | 1.756632243 | 0x10  | 173     | 2981321 | 2981321 | 173 | 3    | Passed |
|    256 | 1.762217909 |     4615 | 1.761773792 | 0x10  | 173     | 2993001 | 2993001 | 173 | 3    | Passed |
|    257 | 1.767507514 |     4633 | 1.767049665 | 0x10  | 173     | 3004681 | 3004681 | 173 | 3    | Passed |
|    258 | 1.772701544 |     4651 |  1.77227375 | 0x10  | 173     | 3016361 | 3016361 | 173 | 3    | Passed |
|    259 | 1.777892711 |     4669 | 1.777459712 | 0x10  | 173     | 3028041 | 3028041 | 173 | 3    | Passed |
|    260 | 1.783736916 |     4687 |  1.78328938 | 0x10  | 173     | 3039721 | 3039721 | 173 | 3    | Passed |
|    261 | 1.788928062 |     4705 | 1.788491342 | 0x10  | 173     | 3051401 | 3051401 | 173 | 3    | Passed |
|    262 | 1.794318883 |     4723 | 1.793902583 | 0x10  | 173     | 3063081 | 3063081 | 173 | 3    | Passed |
|    263 | 1.799484675 |     4741 | 1.799043438 | 0x10  | 173     | 3074761 | 3074761 | 173 | 3    | Passed |
|    264 | 1.804654345 |     4759 | 1.804213601 | 0x10  | 173     | 3086441 | 3086441 | 173 | 3    | Passed |
|    265 | 1.811841676 |     4777 | 1.811421814 | 0x10  | 173     | 3098121 | 3098121 | 173 | 3    | Passed |
|    266 | 1.817047356 |     4795 | 1.816608655 | 0x10  | 173     | 3109801 | 3109801 | 173 | 3    | Passed |
|    267 | 1.822269877 |     4813 | 1.821800684 | 0x10  | 173     | 3121481 | 3121481 | 173 | 3    | Passed |
|    268 | 1.827522241 |     4831 | 1.827087321 | 0x10  | 173     | 3133161 | 3133161 | 173 | 3    | Passed |
|    269 | 1.832714036 |     4849 | 1.832276769 | 0x10  | 173     | 3144841 | 3144841 | 173 | 3    | Passed |
|    270 | 1.838059428 |     4867 | 1.837591385 | 0x10  | 173     | 3156521 | 3156521 | 173 | 3    | Passed |
|    271 | 1.843251169 |     4885 | 1.842809625 | 0x10  | 173     | 3168201 | 3168201 | 173 | 3    | Passed |
|    272 | 1.848440124 |     4903 | 1.848008729 | 0x10  | 173     | 3179881 | 3179881 | 173 | 3    | Passed |
|    273 | 1.853633435 |     4921 | 1.853215258 | 0x10  | 173     | 3191561 | 3191561 | 173 | 3    | Passed |
|    274 | 1.858783092 |     4939 | 1.858344081 | 0x10  | 173     | 3203241 | 3203241 | 173 | 3    | Passed |
|    275 | 1.863965818 |     4957 | 1.863541089 | 0x10  | 173     | 3214921 | 3214921 | 173 | 3    | Passed |
|    276 | 1.869187035 |     4975 | 1.868722039 | 0x10  | 173     | 3226601 | 3226601 | 173 | 3    | Passed |
|    277 | 1.874401551 |     4993 | 1.873936591 | 0x10  | 173     | 3238281 | 3238281 | 173 | 3    | Passed |
|    278 | 1.879787484 |     5011 | 1.879377197 | 0x10  | 173     | 3249961 | 3249961 | 173 | 3    | Passed |
|    279 | 1.885148795 |     5029 | 1.884678769 | 0x10  | 173     | 3261641 | 3261641 | 173 | 3    | Passed |
|    280 | 1.890591122 |     5047 | 1.890144735 | 0x10  | 173     | 3273321 | 3273321 | 173 | 3    | Passed |
|    281 | 1.896034532 |     5065 | 1.895482242 | 0x10  | 173     | 3285001 | 3285001 | 173 | 3    | Passed |
|    282 | 1.901381362 |     5083 | 1.900932941 | 0x10  | 173     | 3296681 | 3296681 | 173 | 3    | Passed |
|    283 | 1.906761038 |     5101 | 1.906311895 | 0x10  | 173     | 3308361 | 3308361 | 173 | 3    | Passed |
|    284 | 1.911896785 |     5119 | 1.911455881 | 0x10  | 173     | 3320041 | 3320041 | 173 | 3    | Passed |
|    285 | 1.917138091 |     5137 | 1.916676533 | 0x10  | 173     | 3331721 | 3331721 | 173 | 3    | Passed |
|    286 | 1.922329279 |     5155 | 1.921905503 | 0x10  | 173     | 3343401 | 3343401 | 173 | 3    | Passed |
|    287 | 1.927621937 |     5173 | 1.927188034 | 0x10  | 173     | 3355081 | 3355081 | 173 | 3    | Passed |
|    288 | 1.932816590 |     5191 | 1.932383941 | 0x10  | 173     | 3366761 | 3366761 | 173 | 3    | Passed |
|    289 | 1.938001885 |     5209 | 1.937583996 | 0x10  | 173     | 3378441 | 3378441 | 173 | 3    | Passed |
|    290 | 1.943147444 |     5227 | 1.942715688 | 0x10  | 173     | 3390121 | 3390121 | 173 | 3    | Passed |
|    291 | 1.948442732 |     5245 | 1.947980795 | 0x10  | 173     | 3401801 | 3401801 | 173 | 3    | Passed |
|    292 | 1.954446810 |     5263 | 1.954002435 | 0x10  | 173     | 3413481 | 3413481 | 173 | 3    | Passed |
|    293 | 1.959578679 |     5281 | 1.959139264 | 0x10  | 173     | 3425161 | 3425161 | 173 | 3    | Passed |
|    294 | 1.964816520 |     5299 | 1.964395239 | 0x10  | 173     | 3436841 | 3436841 | 173 | 3    | Passed |
|    295 | 1.970009434 |     5317 | 1.969578755 | 0x10  | 173     | 3448521 | 3448521 | 173 | 3    | Passed |
|    296 | 1.975205344 |     5335 |  1.97476679 | 0x10  | 173     | 3460201 | 3460201 | 173 | 3    | Passed |
|    297 | 1.980343657 |     5353 | 1.979913893 | 0x10  | 173     | 3471881 | 3471881 | 173 | 3    | Passed |
|    298 | 1.985497679 |     5371 | 1.985070874 | 0x10  | 173     | 3483561 | 3483561 | 173 | 3    | Passed |
|    299 | 1.990729735 |     5389 | 1.990306038 | 0x10  | 173     | 3495241 | 3495241 | 173 | 3    | Passed |
|    300 | 1.996027336 |     5407 | 1.995503254 | 0x10  | 173     | 3506921 | 3506921 | 173 | 3    | Passed |
|    301 | 2.001163294 |     5425 | 2.000724679 | 0x10  | 173     | 3518601 | 3518601 | 173 | 3    | Passed |
|    302 | 2.006557646 |     5443 | 2.006125012 | 0x10  | 173     | 3530281 | 3530281 | 173 | 3    | Passed |
|    303 | 2.011702069 |     5461 | 2.011263439 | 0x10  | 173     | 3541961 | 3541961 | 173 | 3    | Passed |
|    304 | 2.016985451 |     5479 |  2.01656246 | 0x10  | 173     | 3553641 | 3553641 | 173 | 3    | Passed |
|    305 | 2.022085785 |     5497 | 2.021661231 | 0x10  | 173     | 3565321 | 3565321 | 173 | 3    | Passed |
|    306 | 2.027324706 |     5515 | 2.026906589 | 0x10  | 173     | 3577001 | 3577001 | 173 | 3    | Passed |
|    307 | 2.032467841 |     5533 | 2.032048205 | 0x10  | 173     | 3588681 | 3588681 | 173 | 3    | Passed |
|    308 | 2.037710977 |     5551 | 2.037286509 | 0x10  | 173     | 3600361 | 3600361 | 173 | 3    | Passed |
|    309 | 2.042907206 |     5569 | 2.042483436 | 0x10  | 173     | 3612041 | 3612041 | 173 | 3    | Passed |
|    310 | 2.048146403 |     5587 | 2.047715363 | 0x10  | 173     | 3623721 | 3623721 | 173 | 3    | Passed |
|    311 | 2.053336574 |     5605 | 2.052897081 | 0x10  | 173     | 3635401 | 3635401 | 173 | 3    | Passed |
|    312 | 2.058629774 |     5623 |  2.05820075 | 0x10  | 173     | 3647081 | 3647081 | 173 | 3    | Passed |
|    313 | 2.063721674 |     5641 | 2.063270425 | 0x10  | 173     | 3658761 | 3658761 | 173 | 3    | Passed |
|    314 | 2.068864475 |     5659 | 2.068442914 | 0x10  | 173     | 3670441 | 3670441 | 173 | 3    | Passed |
|    315 | 2.074107911 |     5677 |  2.07366217 | 0x10  | 173     | 3682121 | 3682121 | 173 | 3    | Passed |
|    316 | 2.079473723 |     5695 |  2.07901313 | 0x10  | 173     | 3693801 | 3693801 | 173 | 3    | Passed |
|    317 | 2.084593027 |     5713 | 2.084166391 | 0x10  | 173     | 3705481 | 3705481 | 173 | 3    | Passed |
|    318 | 2.089925081 |     5731 | 2.089475995 | 0x10  | 173     | 3717161 | 3717161 | 173 | 3    | Passed |
|    319 | 2.095078720 |     5749 | 2.094600464 | 0x10  | 173     | 3728841 | 3728841 | 173 | 3    | Passed |
|    320 | 2.100170936 |     5767 | 2.099721708 | 0x10  | 173     | 3740521 | 3740521 | 173 | 3    | Passed |
|    321 | 2.105419763 |     5785 | 2.104982288 | 0x10  | 173     | 3752201 | 3752201 | 173 | 3    | Passed |
|    322 | 2.110607857 |     5802 | 2.110173196 | 0x10  | 173     | 3762421 | 3762421 | 173 | 3    | Passed |
|    323 | 2.515613758 |     5818 | 2.314616155 | 0x10  | 173     | 3774101 | 3774101 | 173 | 6    | Failed |
|    324 | 2.519004351 |     5838 | 2.518583635 | 0x10  | 173     | 3787241 | 3787241 | 173 | 3    | Passed |
|    325 | 2.524246599 |     5855 | 2.523784605 | 0x10  | 173     | 3798921 | 3798921 | 173 | 3    | Passed |
|    326 | 2.529612663 |     5873 | 2.529089519 | 0x10  | 173     | 3810601 | 3810601 | 173 | 3    | Passed |
|    327 | 2.534761023 |     5891 | 2.534338199 | 0x10  | 173     | 3822281 | 3822281 | 173 | 3    | Passed |
|    328 | 2.540072958 |     5909 | 2.539642917 | 0x10  | 173     | 3833961 | 3833961 | 173 | 3    | Passed |
|    329 | 2.545315688 |     5927 | 2.544856142 | 0x10  | 173     | 3845641 | 3845641 | 173 | 3    | Passed |
|    330 | 2.550615999 |     5945 | 2.550146208 | 0x10  | 173     | 3857321 | 3857321 | 173 | 3    | Passed |
|    331 | 2.556409948 |     5963 | 2.555948092 | 0x10  | 173     | 3869001 | 3869001 | 173 | 3    | Passed |
|    332 | 2.561661689 |     5981 | 2.561193333 | 0x10  | 173     | 3880681 | 3880681 | 173 | 3    | Passed |
|    333 | 2.566831841 |     5999 | 2.566386825 | 0x10  | 173     | 3892361 | 3892361 | 173 | 3    | Passed |
|    334 | 2.571974903 |     6017 | 2.571527842 | 0x10  | 173     | 3904041 | 3904041 | 173 | 3    | Passed |
|    335 | 2.577113415 |     6035 | 2.576687687 | 0x10  | 173     | 3915721 | 3915721 | 173 | 3    | Passed |
|    336 | 2.583109864 |     6053 | 2.582658895 | 0x10  | 173     | 3927401 | 3927401 | 173 | 3    | Passed |
|    337 | 2.588552895 |     6071 | 2.588092029 | 0x10  | 173     | 3939081 | 3939081 | 173 | 3    | Passed |
|    338 | 2.593594471 |     6089 | 2.593135663 | 0x10  | 173     | 3950761 | 3950761 | 173 | 3    | Passed |
|    339 | 2.598785439 |     6107 | 2.598324432 | 0x10  | 173     | 3962441 | 3962441 | 173 | 3    | Passed |
|    340 | 2.603841196 |     6125 | 2.603368799 | 0x10  | 173     | 3974121 | 3974121 | 173 | 3    | Passed |
|    341 | 2.608869689 |     6143 |    2.608412 | 0x10  | 173     | 3985801 | 3985801 | 173 | 3    | Passed |
|    342 | 2.613911055 |     6161 | 2.613452602 | 0x10  | 173     | 3997481 | 3997481 | 173 | 3    | Passed |
|    343 | 2.618996824 |     6179 | 2.618541915 | 0x10  | 173     | 4009161 | 4009161 | 173 | 3    | Passed |
|    344 | 2.624087903 |     6197 | 2.623634834 | 0x10  | 173     | 4020841 | 4020841 | 173 | 3    | Passed |
|    345 | 2.629322474 |     6215 | 2.628880376 | 0x10  | 173     | 4032521 | 4032521 | 173 | 3    | Passed |
|    346 | 2.634414675 |     6233 | 2.633973266 | 0x10  | 173     | 4044201 | 4044201 | 173 | 3    | Passed |
|    347 | 2.639576111 |     6251 |  2.63913244 | 0x10  | 173     | 4055881 | 4055881 | 173 | 3    | Passed |
|    348 | 2.644718449 |     6269 | 2.644260092 | 0x10  | 173     | 4067561 | 4067561 | 173 | 3    | Passed |
|    349 | 2.649758925 |     6287 | 2.649297884 | 0x10  | 173     | 4079241 | 4079241 | 173 | 3    | Passed |
|    350 | 2.654855496 |     6305 | 2.654400755 | 0x10  | 173     | 4090921 | 4090921 | 173 | 3    | Passed |
|    351 | 2.659886995 |     6323 | 2.659431646 | 0x10  | 173     | 4102601 | 4102601 | 173 | 3    | Passed |
|    352 | 2.664970276 |     6341 | 2.664527787 | 0x10  | 173     | 4114281 | 4114281 | 173 | 3    | Passed |
|    353 | 2.670213081 |     6359 | 2.669755599 | 0x10  | 173     | 4125961 | 4125961 | 173 | 3    | Passed |
|    354 | 2.675322206 |     6377 | 2.674908429 | 0x10  | 173     | 4137641 | 4137641 | 173 | 3    | Passed |
|    355 | 2.680463611 |     6395 | 2.680004062 | 0x10  | 173     | 4149321 | 4149321 | 173 | 3    | Passed |
|    356 | 2.685498744 |     6413 | 2.685047341 | 0x10  | 173     | 4161001 | 4161001 | 173 | 3    | Passed |
|    357 | 2.691097309 |     6431 | 2.690639722 | 0x10  | 173     | 4172681 | 4172681 | 173 | 3    | Passed |
|    358 | 2.696139246 |     6449 |  2.69564699 | 0x10  | 173     | 4184361 | 4184361 | 173 | 3    | Passed |
|    359 | 2.701125920 |     6467 | 2.700674064 | 0x10  | 173     | 4196041 | 4196041 | 173 | 3    | Passed |
|    360 | 2.706326313 |     6485 | 2.705891269 | 0x10  | 173     | 4207721 | 4207721 | 173 | 3    | Passed |
|    361 | 2.711467958 |     6503 | 2.711050449 | 0x10  | 173     | 4219401 | 4219401 | 173 | 3    | Passed |
|    362 | 2.716612531 |     6521 |  2.71615532 | 0x10  | 173     | 4231081 | 4231081 | 173 | 3    | Passed |
|    363 | 2.721703673 |     6539 | 2.721284735 | 0x10  | 173     | 4242761 | 4242761 | 173 | 3    | Passed |
|    364 | 2.726845659 |     6557 | 2.726413858 | 0x10  | 173     | 4254441 | 4254441 | 173 | 3    | Passed |
|    365 | 2.731990015 |     6575 | 2.731542689 | 0x10  | 173     | 4266121 | 4266121 | 173 | 3    | Passed |
|    366 | 2.737232775 |     6593 | 2.736770022 | 0x10  | 173     | 4277801 | 4277801 | 173 | 3    | Passed |
|    367 | 2.742275440 |     6611 | 2.741845281 | 0x10  | 173     | 4289481 | 4289481 | 173 | 3    | Passed |
|    368 | 2.747374944 |     6629 |  2.74694037 | 0x10  | 173     | 4301161 | 4301161 | 173 | 3    | Passed |
|    369 | 2.752909123 |     6647 | 2.752474578 | 0x10  | 173     | 4312841 | 4312841 | 173 | 3    | Passed |
|    370 | 2.758971805 |     6665 |  2.75853403 | 0x10  | 173     | 4324521 | 4324521 | 173 | 3    | Passed |
|    371 | 2.764692547 |     6683 | 2.764238778 | 0x10  | 173     | 4336201 | 4336201 | 173 | 3    | Passed |
|    372 | 2.770484378 |     6701 | 2.770056572 | 0x10  | 173     | 4347881 | 4347881 | 173 | 3    | Passed |
|    373 | 2.775778712 |     6719 | 2.775359028 | 0x10  | 173     | 4359561 | 4359561 | 173 | 3    | Passed |
|    374 | 2.780976093 |     6737 |  2.78051126 | 0x10  | 173     | 4371241 | 4371241 | 173 | 3    | Passed |
|    375 | 2.786906880 |     6755 | 2.786450148 | 0x10  | 173     | 4382921 | 4382921 | 173 | 3    | Passed |
|    376 | 2.792200544 |     6773 | 2.791748778 | 0x10  | 173     | 4394601 | 4394601 | 173 | 3    | Passed |
|    377 | 2.797395846 |     6791 | 2.796936352 | 0x10  | 173     | 4406281 | 4406281 | 173 | 3    | Passed |
|    378 | 3.005988389 |     6825 | 3.005568518 | 0x10  | 173     | 4428181 | 4428181 | 173 | 3    | Passed |
|    379 | 3.011227554 |     6843 | 3.010769458 | 0x10  | 173     | 4439861 | 4439861 | 173 | 3    | Passed |
|    380 | 3.016482857 |     6861 | 3.016037092 | 0x10  | 173     | 4451541 | 4451541 | 173 | 3    | Passed |
|    381 | 3.021772601 |     6879 | 3.021305986 | 0x10  | 173     | 4463221 | 4463221 | 173 | 3    | Passed |
|    382 | 3.026905899 |     6897 | 3.026480268 | 0x10  | 173     | 4474901 | 4474901 | 173 | 3    | Passed |
|    383 | 3.032097754 |     6915 | 3.031653117 | 0x10  | 173     | 4486581 | 4486581 | 173 | 3    | Passed |
|    384 | 3.037285118 |     6933 | 3.036798262 | 0x10  | 173     | 4498261 | 4498261 | 173 | 3    | Passed |
|    385 | 3.042434005 |     6951 | 3.041993002 | 0x10  | 173     | 4509941 | 4509941 | 173 | 3    | Passed |
|    386 | 3.047856595 |     6969 | 3.047411498 | 0x10  | 173     | 4521621 | 4521621 | 173 | 3    | Passed |
|    387 | 3.053016179 |     6987 | 3.052579983 | 0x10  | 173     | 4533301 | 4533301 | 173 | 3    | Passed |
|    388 | 3.058209556 |     7005 | 3.057786605 | 0x10  | 173     | 4544981 | 4544981 | 173 | 3    | Passed |
|    389 | 3.063301886 |     7023 | 3.062872513 | 0x10  | 173     | 4556661 | 4556661 | 173 | 3    | Passed |
|    390 | 3.068536797 |     7041 | 3.068108197 | 0x10  | 173     | 4568341 | 4568341 | 173 | 3    | Passed |
|    391 | 3.073687119 |     7059 | 3.073260904 | 0x10  | 173     | 4580021 | 4580021 | 173 | 3    | Passed |
|    392 | 3.078928555 |     7077 | 3.078499037 | 0x10  | 173     | 4591701 | 4591701 | 173 | 3    | Passed |
|    393 | 3.084081713 |     7095 |  3.08363244 | 0x10  | 173     | 4603381 | 4603381 | 173 | 3    | Passed |
|    394 | 3.089265133 |     7113 | 3.088826903 | 0x10  | 173     | 4615061 | 4615061 | 173 | 3    | Passed |
|    395 | 3.094439303 |     7131 | 3.093992284 | 0x10  | 173     | 4626741 | 4626741 | 173 | 3    | Passed |
|    396 | 3.099648873 |     7149 | 3.099209868 | 0x10  | 173     | 4638421 | 4638421 | 173 | 3    | Passed |
|    397 | 3.104839952 |     7167 | 3.104414309 | 0x10  | 173     | 4650101 | 4650101 | 173 | 3    | Passed |
|    398 | 3.110088614 |     7185 | 3.109663145 | 0x10  | 173     | 4661781 | 4661781 | 173 | 3    | Passed |
|    399 | 3.115225344 |     7203 |  3.11478127 | 0x10  | 173     | 4673461 | 4673461 | 173 | 3    | Passed |
|    400 | 3.120418120 |     7221 | 3.119985035 | 0x10  | 173     | 4685141 | 4685141 | 173 | 3    | Passed |
|    401 | 3.125559634 |     7239 | 3.125114067 | 0x10  | 173     | 4696821 | 4696821 | 173 | 3    | Passed |
|    402 | 3.130755174 |     7257 |  3.13032571 | 0x10  | 173     | 4708501 | 4708501 | 173 | 3    | Passed |
|    403 | 3.135944680 |     7275 | 3.135522688 | 0x10  | 173     | 4720181 | 4720181 | 173 | 3    | Passed |
|    404 | 3.141137290 |     7293 | 3.140719353 | 0x10  | 173     | 4731861 | 4731861 | 173 | 3    | Passed |
|    405 | 3.146429958 |     7311 | 3.145992664 | 0x10  | 173     | 4743541 | 4743541 | 173 | 3    | Passed |
|    406 | 3.151621016 |     7329 | 3.151175374 | 0x10  | 173     | 4755221 | 4755221 | 173 | 3    | Passed |
|    407 | 3.157264553 |     7347 | 3.156822536 | 0x10  | 173     | 4766901 | 4766901 | 173 | 3    | Passed |
|    408 | 3.162454687 |     7365 |  3.16200281 | 0x10  | 173     | 4778581 | 4778581 | 173 | 3    | Passed |
|    409 | 3.167705136 |     7383 | 3.167271617 | 0x10  | 173     | 4790261 | 4790261 | 173 | 3    | Passed |
|    410 | 3.172842489 |     7401 | 3.172397629 | 0x10  | 173     | 4801941 | 4801941 | 173 | 3    | Passed |
|    411 | 3.178030689 |     7419 | 3.177600335 | 0x10  | 173     | 4813621 | 4813621 | 173 | 3    | Passed |
|    412 | 3.184124931 |     7437 | 3.183674846 | 0x10  | 173     | 4825301 | 4825301 | 173 | 3    | Passed |
|    413 | 3.189268863 |     7455 | 3.188829349 | 0x10  | 173     | 4836981 | 4836981 | 173 | 3    | Passed |
|    414 | 3.194406547 |     7473 | 3.193955728 | 0x10  | 173     | 4848661 | 4848661 | 173 | 3    | Passed |
|    415 | 3.199654444 |     7491 | 3.199203391 | 0x10  | 173     | 4860341 | 4860341 | 173 | 3    | Passed |
|    416 | 3.204846158 |     7509 | 3.204425701 | 0x10  | 173     | 4872021 | 4872021 | 173 | 3    | Passed |
|    417 | 3.210088890 |     7527 | 3.209657622 | 0x10  | 173     | 4883701 | 4883701 | 173 | 3    | Passed |
|    418 | 3.215279076 |     7545 |  3.21485265 | 0x10  | 173     | 4895381 | 4895381 | 173 | 3    | Passed |
|    419 | 3.220518947 |     7563 |  3.22008579 | 0x10  | 173     | 4907061 | 4907061 | 173 | 3    | Passed |
|    420 | 3.225713627 |     7581 | 3.225271722 | 0x10  | 173     | 4918741 | 4918741 | 173 | 3    | Passed |
|    421 | 3.231004264 |     7599 | 3.230566853 | 0x10  | 173     | 4930421 | 4930421 | 173 | 3    | Passed |
|    422 | 3.236263734 |     7617 | 3.235811896 | 0x10  | 173     | 4942101 | 4942101 | 173 | 3    | Passed |
|    423 | 3.241440121 |     7635 | 3.241011759 | 0x10  | 173     | 4953781 | 4953781 | 173 | 3    | Passed |
|    424 | 3.246724700 |     7653 |  3.24626801 | 0x10  | 173     | 4965461 | 4965461 | 173 | 3    | Passed |
|    425 | 3.251876887 |     7671 | 3.251450353 | 0x10  | 173     | 4977141 | 4977141 | 173 | 3    | Passed |
|    426 | 3.257118596 |     7689 | 3.256701045 | 0x10  | 173     | 4988821 | 4988821 | 173 | 3    | Passed |
|    427 | 3.262308469 |     7707 |   3.2618612 | 0x10  | 173     | 5000501 | 5000501 | 173 | 3    | Passed |
|    428 | 3.267450028 |     7725 | 3.267002169 | 0x10  | 173     | 5012181 | 5012181 | 173 | 3    | Passed |
|    429 | 3.272595939 |     7743 | 3.272161885 | 0x10  | 173     | 5023861 | 5023861 | 173 | 3    | Passed |
|    430 | 3.277800814 |     7761 | 3.277358003 | 0x10  | 173     | 5035541 | 5035541 | 173 | 3    | Passed |
|    431 | 3.283028779 |     7779 | 3.282595949 | 0x10  | 173     | 5047221 | 5047221 | 173 | 3    | Passed |
|    432 | 3.288268614 |     7797 | 3.287842333 | 0x10  | 173     | 5058901 | 5058901 | 173 | 3    | Passed |
|    433 | 3.293465331 |     7815 | 3.293031592 | 0x10  | 173     | 5070581 | 5070581 | 173 | 3    | Passed |
|    434 | 3.298704597 |     7833 |  3.29825479 | 0x10  | 173     | 5082261 | 5082261 | 173 | 3    | Passed |
|    435 | 3.303897521 |     7851 | 3.303445938 | 0x10  | 173     | 5093941 | 5093941 | 173 | 3    | Passed |
|    436 | 3.309189424 |     7869 | 3.308743341 | 0x10  | 173     | 5105621 | 5105621 | 173 | 3    | Passed |
=============================================================================================================
INFO:root:total passed = 435total_failed = 1
DEBUG:root:-t rto-s 0
DEBUG:root:-t rto -s 0
DEBUG:root:
Enter the Test IP 

DEBUG:root:10.102.44.206
DEBUG:root:======================================================================================
| RTO Num |    RTO Time | Frame No | original_time | FLAGS | Seq     | Ack  | Result |
======================================================================================
|       1 | 1.415248048 |     3436 |   1.214194749 | 0x10  | 2223581 | 173  | passed |
|    ---- |        ---- |     ---- |          ---- | ----  | ----    | ---- | ----   |
|       2 | 2.515613758 |     3436 |   2.313245401 | 0x10  | 3774101 | 173  | passed |
|    ---- |        ---- |     ---- |          ---- | ----  | ----    | ---- | ----   |
|       3 |  3.00176223 |     3436 |   2.800553397 | 0x10  | 4417961 | 173  | passed |
|    ---- |        ---- |     ---- |          ---- | ----  | ----    | ---- | ----   |
|       4 | 3.513927735 |     3436 |    3.31221026 | 0x10  | 5117301 | 173  | passed |
|       4 |   4.7203412 |     5832 |    3.31221026 | 0x10  | 5117301 | 173  | failed |
|    ---- |        ---- |     ---- |          ---- | ----  | ----    | ---- | ----   |
======================================================================================
INFO:root:total passed = 4total_failed = 1
